68.85
[ 0.04304595 -0.33385208  0.33724611  0.47127591 -0.5114042  -0.28513719
  0.43991942  0.05748461 -0.08687873  0.04489595  0.04024054]
16.08
[ 0.68432333  0.1749453  -0.28555004  0.10914285 -0.1300275   0.26948764
  0.1259132   0.27481039  0.16150786  0.34035683  0.29122423]
8.21
[ 0.35115735 -0.47509648  0.39386063 -0.26085507  0.3518946  -0.36945959
 -0.24648392  0.11942653  0.22636647  0.14491736  0.14216274]
5.37
[-0.59675735  0.11222775  0.04610359  0.03891537 -0.00849369 -0.02552261
  0.00572617  0.44218846  0.44470134  0.27516272  0.3973473 ]
0.68
[ 0.00367768 -0.05853431 -0.01118403 -0.57832429 -0.74903159 -0.01350803
 -0.28723182  0.06857031  0.06042978  0.02733509 -0.09561581]
0.47
[-0.07839215 -0.35741779  0.40108748 -0.00195341  0.01571608  0.83538094
 -0.03011719  0.02423438 -0.06575378  0.03277614  0.01522207]
0.14
[-0.13716297 -0.64634834 -0.63923822 -0.00699521 -0.00915931  0.0362535
  0.07914701 -0.28181959  0.13997568 -0.01364341  0.21881875]
0.1
[-0.12785752 -0.12967501 -0.14787806  0.02219174  0.05267754 -0.0941817
 -0.24128684  0.29874194 -0.78007312  0.40319792  0.1195099 ]
0.05
[ 0.08384338 -0.1348514  -0.13737537  0.10997729 -0.00462459  0.0167716
 -0.14005147  0.60606343 -0.05964533 -0.73969389  0.07670602]
0.03
[-0.0261766  -0.18122736 -0.18781169  0.22389864  0.04606747  0.02026024
 -0.11054449  0.31083426  0.24854978  0.2713938  -0.79640775]
