0,-0,2219274
1,-0,3968302
2,-0,5717331
3,-0,7466359
4,-0,9215388
5,-1,096442
6,-1,271344
7,-1,446248
8,-1,62115
9,-1,796053
10,-1,970956
11,-2,145859
12,-2,320761
13,-2,495665
14,-2,670568
15,-2,84547
16,-3,020373
17,-3,195276
18,-3,370179
19,-3,545082
20,-3,719984
21,-3,894887
22,-4,06979
23,-4,244693
24,-4,419596
25,-4,5945
26,-4,769402
27,-4,944304
28,-5,119208
29,-5,29411
30,-5,469013
31,-5,643916
32,-5,818819
33,-5,993722
34,-6,168624
35,-6,343526
36,-6,51843
37,-6,693333
38,-6,868236
39,-7,043139
40,-7,218041
41,-7,392943
42,-7,567848
43,-7,742751
44,-7,917653
45,-8,092555
46,-8,267458
47,-8,442362
48,-8,617264
49,-8,792168
50,-8,96707
51,-9,141973
52,-9,316876
53,-9,491778
54,-9,666683
55,-9,841584
56,-10,01649
57,-10,19139
58,-10,36629
59,-10,5412
60,-10,7161
61,-10,891
62,-11,0659
63,-11,24081
64,-11,41571
65,-11,59061
66,-11,76552
67,-11,94042
68,-12,11532
69,-12,29022
70,-12,46513
71,-12,64003
72,-12,81493
73,-12,98984
74,-13,16474
75,-13,33964
76,-13,51454
77,-13,68944
78,-13,86435
79,-14,03925
80,-14,21416
81,-14,38906
82,-14,56396
83,-14,73886
84,-14,91377
85,-15,08867
86,-15,26357
87,-15,43848
88,-15,61338
89,-15,78828
90,-15,96318
91,-16,13809
92,-16,31299
93,-16,48789
94,-16,6628
95,-16,8377
96,-17,0126
97,-17,1875
98,-17,36241
99,-17,53731
100,-17,71221
101,-17,88712
102,-18,06202
103,-18,23692
104,-18,41183
105,-18,58673
106,-18,76163
107,-18,93653
108,-19,11144
109,-19,28634
110,-19,46124
111,-19,63614
112,-19,81105
113,-19,98595
114,-20,16085
115,-20,33576
116,-20,51066
117,-20,68556
118,-20,86047
119,-21,03537
120,-21,21027
121,-21,38517
122,-21,56008
123,-21,73498
124,-21,90988
125,-22,08478
126,-22,25968
127,-22,43459
128,-22,6095
129,-22,7844
130,-22,9593
131,-23,1342
132,-23,3091
133,-23,48401
134,-23,65891
135,-23,83381
136,-24,00872
137,-24,18362
138,-24,35852
139,-24,53342
140,-24,70832
141,-24,88323
142,-25,05813
143,-25,23304
144,-25,40794
145,-25,58284
146,-25,75775
147,-25,93265
148,-26,10755
149,-26,28245
150,-26,45735
151,-26,63226
152,-26,80716
153,-26,98206
154,-27,15697
155,-27,33187
156,-27,50677
157,-27,68168
158,-27,85658
159,-28,03148
160,-28,20638
161,-28,38129
162,-28,55619
163,-28,73109
164,-28,90599
165,-29,0809
166,-29,2558
167,-29,43071
168,-29,6056
169,-29,78051
170,-29,95541
171,-30,13031
172,-30,30522
173,-30,48012
174,-30,65502
175,-30,82992
176,-31,00484
177,-31,17973
178,-31,35463
179,-31,52954
180,-31,70444
181,-31,87934
182,-32,05424
183,-32,22915
184,-32,40405
185,-32,57895
186,-32,75386
187,-32,92876
188,-33,10366
189,-33,27856
190,-33,45347
191,-33,62837
192,-33,80328
193,-33,97818
194,-34,15308
195,-34,32798
196,-34,50289
197,-34,67779
198,-34,85269
199,-35,02759
200,-35,2025
201,-35,3774
202,-35,55231
203,-35,72721
204,-35,90211
205,-36,07701
206,-36,25191
207,-36,42682
208,-36,60172
209,-36,77663
210,-36,95153
211,-37,12643
212,-37,30134
213,-37,47623
214,-37,65114
215,-37,82604
216,-38,00095
217,-38,17584
218,-38,35075
219,-38,52565
220,-38,70056
221,-38,87546
222,-39,05037
223,-39,22526
224,-39,40016
225,-39,57508
226,-39,74997
227,-39,92487
228,-40,09978
229,-40,27468
230,-40,44958
231,-40,62449
232,-40,79939
233,-40,97429
234,-41,14919
235,-41,3241
236,-41,499
237,-41,6739
238,-41,8488
239,-42,02371
240,-42,19862
241,-42,37351
242,-42,54842
243,-42,72332
244,-42,89822
245,-43,07313
246,-43,24803
247,-43,42293
248,-43,59784
249,-43,77274
250,-43,94764
251,-44,12254
252,-44,29745
253,-44,47234
254,-44,64725
255,-44,82214
256,-44,99706
257,-45,17197
258,-45,34686
259,-45,52177
260,-45,69666
261,-45,87157
262,-46,04647
263,-46,22138
264,-46,39628
265,-46,57119
266,-46,74609
267,-46,92099
268,-47,09589
269,-47,2708
270,-47,4457
271,-47,6206
272,-47,79551
273,-47,9704
274,-48,14531
275,-48,32021
276,-48,49511
277,-48,67002
278,-48,84492
279,-49,01982
280,-49,19473
281,-49,36963
282,-49,54453
283,-49,71944
284,-49,89434
285,-50,06924
286,-50,24415
287,-50,41905
288,-50,59394
289,-50,76886
290,-50,94375
291,-51,11866
292,-51,29356
293,-51,46846
294,-51,64337
295,-51,81827
296,-51,99316
297,-52,16807
298,-52,34298
299,-52,51788
300,-52,69279
301,-52,86768
302,-53,04259
303,-53,21749
304,-53,3924
305,-53,56729
306,-53,74221
307,-53,9171
308,-54,092
309,-54,26691
310,-54,44181
311,-54,61671
312,-54,79163
313,-54,96651
314,-55,14143
315,-55,31633
316,-55,49122
317,-55,66613
318,-55,84103
319,-56,01593
320,-56,19084
321,-56,36574
322,-56,54065
323,-56,71555
324,-56,89045
325,-57,06535
326,-57,24027
327,-57,41516
328,-57,59005
329,-57,76497
330,-57,93986
331,-58,11477
332,-58,28968
333,-58,46457
334,-58,63948
335,-58,81438
336,-58,98928
337,-59,16418
338,-59,33909
339,-59,51399
340,-59,6889
341,-59,86381
342,-60,0387
343,-60,21362
344,-60,38852
345,-60,56341
346,-60,73831
347,-60,91323
348,-61,08812
349,-61,26302
350,-61,43792
351,-61,61283
352,-61,78773
353,-61,96264
354,-62,13753
355,-62,31245
356,-62,48734
357,-62,66224
358,-62,83715
359,-63,01205
360,-63,18696
361,-63,36186
362,-63,53676
363,-63,71167
364,-63,88657
365,-64,06147
366,-64,23637
367,-64,41128
368,-64,58617
369,-64,76108
370,-64,93599
371,-65,11089
372,-65,2858
373,-65,46069
374,-65,63559
375,-65,8105
376,-65,9854
377,-66,1603
378,-66,33521
379,-66,51012
380,-66,68501
381,-66,85992
382,-67,03482
383,-67,20972
384,-67,38463
385,-67,55952
386,-67,73442
387,-67,90933
388,-68,08423
389,-68,25914
390,-68,43404
391,-68,60893
392,-68,78385
393,-68,95874
394,-69,13365
395,-69,30856
396,-69,48346
397,-69,65836
398,-69,83326
399,-70,00816
400,-70,18306
401,-70,35797
402,-70,53288
403,-70,70778
404,-70,88269
405,-71,05759
406,-71,23248
407,-71,40739
408,-71,58229
409,-71,75719
410,-71,9321
411,-72,107
412,-72,28191
413,-72,4568
414,-72,63171
415,-72,80661
416,-72,98152
417,-73,15642
418,-73,33131
419,-73,50623
420,-73,68113
421,-73,85603
422,-74,03093
423,-74,20583
424,-74,38074
425,-74,55565
426,-74,73053
427,-74,90544
428,-75,08034
429,-75,25526
430,-75,43016
431,-75,60506
432,-75,77996
433,-75,95487
434,-76,12975
435,-76,30466
436,-76,47958
437,-76,65446
438,-76,82938
439,-77,00427
440,-77,17918
441,-77,35409
442,-77,52898
443,-77,70388
444,-77,87879
445,-78,0537
446,-78,2286
447,-78,4035
448,-78,5784
449,-78,7533
450,-78,92822
451,-79,10311
452,-79,27803
453,-79,45292
454,-79,62783
455,-79,80273
456,-79,97762
457,-80,15252
458,-80,32743
459,-80,50234
460,-80,67726
461,-80,85214
462,-81,02705
463,-81,20194
464,-81,37686
465,-81,55176
466,-81,72665
467,-81,90156
468,-82,07648
469,-82,25136
470,-82,42626
471,-82,60118
472,-82,77608
473,-82,95097
474,-83,12589
475,-83,30077
476,-83,47569
477,-83,6506
478,-83,82549
479,-84,00039
480,-84,17531
481,-84,3502
482,-84,5251
483,-84,7
484,-84,87491
485,-85,04982
486,-85,22472
487,-85,39961
488,-85,57453
489,-85,74942
490,-85,92432
491,-86,09921
492,-86,27415
493,-86,44904
494,-86,62395
495,-86,79883
496,-86,97375
497,-87,14864
498,-87,32356
499,-87,49845
500,-87,67335
501,-87,84826
502,-88,02317
503,-88,19804
504,-88,37298
505,-88,54787
506,-88,72276
507,-88,89767
508,-89,07258
509,-89,24747
510,-89,42239
511,-89,5973
512,-89,77217
513,-89,94709
514,-90,122
515,-90,29689
516,-90,47179
517,-90,64671
518,-90,8216
519,-90,99651
520,-91,17142
521,-91,34631
522,-91,52122
523,-91,69613
524,-91,87103
525,-92,04592
526,-92,22083
527,-92,39573
528,-92,57063
529,-92,74554
530,-92,92044
531,-93,09534
532,-93,27026
533,-93,44514
534,-93,62005
535,-93,79496
536,-93,96986
537,-94,14477
538,-94,31966
539,-94,49457
540,-94,66946
541,-94,84439
542,-95,01927
543,-95,19418
544,-95,36909
545,-95,54399
546,-95,71886
547,-95,89379
548,-96,0687
549,-96,24361
550,-96,41849
551,-96,5934
552,-96,7683
553,-96,94322
554,-97,11812
555,-97,293
556,-97,4679
557,-97,64282
558,-97,81772
559,-97,99264
560,-98,16753
561,-98,34243
562,-98,51733
563,-98,69223
564,-98,86713
565,-99,04204
566,-99,21695
567,-99,39184
568,-99,56673
569,-99,74165
570,-99,91656
571,-100,0915
572,-100,2664
573,-100,4413
574,-100,6162
575,-100,7911
576,-100,966
577,-101,1409
578,-101,3158
579,-101,4907
580,-101,6656
581,-101,8405
582,-102,0154
583,-102,1903
584,-102,3652
585,-102,5401
586,-102,715
587,-102,8899
588,-103,0648
589,-103,2397
590,-103,4146
591,-103,5895
592,-103,7644
593,-103,9393
594,-104,1142
595,-104,2891
596,-104,464
597,-104,6389
598,-104,8138
599,-104,9887
600,-105,1636
601,-105,3385
602,-105,5134
603,-105,6883
604,-105,8633
605,-106,0382
606,-106,2131
607,-106,388
608,-106,5629
609,-106,7378
610,-106,9127
611,-107,0876
612,-107,2625
613,-107,4374
614,-107,6123
615,-107,7872
616,-107,9621
617,-108,137
618,-108,3119
619,-108,4868
620,-108,6617
621,-108,8366
622,-109,0115
623,-109,1864
624,-109,3613
625,-109,5362
626,-109,7111
627,-109,886
628,-110,0609
629,-110,2358
630,-110,4107
631,-110,5856
632,-110,7605
633,-110,9354
634,-111,1103
635,-111,2852
636,-111,4602
637,-111,635
638,-111,81
639,-111,9849
640,-112,1597
641,-112,3346
642,-112,5096
643,-112,6845
644,-112,8594
645,-113,0343
646,-113,2092
647,-113,3841
648,-113,559
649,-113,7339
650,-113,9088
651,-114,0837
652,-114,2586
653,-114,4335
654,-114,6084
655,-114,7833
656,-114,9582
657,-115,1331
658,-115,308
659,-115,4829
660,-115,6578
661,-115,8327
662,-116,0076
663,-116,1825
664,-116,3574
665,-116,5323
666,-116,7072
667,-116,8821
668,-117,057
669,-117,2319
670,-117,4069
671,-117,5817
672,-117,7566
673,-117,9316
674,-118,1064
675,-118,2813
676,-118,4563
677,-118,6312
678,-118,8061
679,-118,981
680,-119,1559
681,-119,3308
682,-119,5057
683,-119,6806
684,-119,8555
685,-120,0304
686,-120,2053
687,-120,3802
688,-120,5551
689,-120,73
690,-120,9049
691,-121,0798
692,-121,2547
693,-121,4296
694,-121,6045
695,-121,7794
696,-121,9543
697,-122,1292
698,-122,3041
699,-122,479
700,-122,6539
701,-122,8288
702,-123,0037
703,-123,1786
704,-123,3535
705,-123,5284
706,-123,7033
707,-123,8783
708,-124,0531
709,-124,2281
710,-124,403
711,-124,5779
712,-124,7528
713,-124,9277
714,-125,1026
715,-125,2775
716,-125,4524
717,-125,6273
718,-125,8022
719,-125,9771
720,-126,152
721,-126,3269
722,-126,5018
723,-126,6767
724,-126,8516
725,-127,0265
726,-127,2014
727,-127,3763
728,-127,5512
729,-127,7261
730,-127,901
731,-128,0759
732,-128,2508
733,-128,4257
734,-128,6006
735,-128,7755
736,-128,9504
737,-129,1253
738,-129,3002
739,-129,4751
740,-129,65
741,-129,825
742,-129,9998
743,-130,1748
744,-130,3496
745,-130,5246
746,-130,6994
747,-130,8744
748,-131,0492
749,-131,2242
750,-131,3991
751,-131,574
752,-131,7489
753,-131,9238
754,-132,0987
755,-132,2736
756,-132,4485
757,-132,6234
758,-132,7983
759,-132,9732
760,-133,1481
761,-133,323
762,-133,4979
763,-133,6728
764,-133,8477
765,-134,0226
766,-134,1975
767,-134,3724
768,-134,5473
769,-134,7222
770,-134,8971
771,-135,072
772,-135,2469
773,-135,4218
774,-135,5967
775,-135,7716
776,-135,9465
777,-136,1215
778,-136,2963
779,-136,4713
780,-136,6461
781,-136,8211
782,-136,996
783,-137,1709
784,-137,3458
785,-137,5207
786,-137,6956
787,-137,8705
788,-138,0454
789,-138,2203
790,-138,3952
791,-138,5701
792,-138,745
793,-138,9199
794,-139,0948
795,-139,2697
796,-139,4446
797,-139,6195
798,-139,7944
799,-139,9693
