0,-0.01218495
1,0.4240984
2,0.8603817
3,1.296665
4,1.732949
5,2.169232
6,2.605515
7,3.041799
8,3.478082
9,3.914366
10,4.350649
11,4.786932
12,5.223216
13,5.659499
14,6.095783
15,6.532066
16,6.968349
17,7.404633
18,7.840917
19,8.2772
20,8.713483
21,9.149766
22,9.58605
23,10.02233
24,10.45862
25,10.8949
26,11.33118
27,11.76747
28,12.20375
29,12.64003
30,13.07632
31,13.5126
32,13.94888
33,14.38517
34,14.82145
35,15.25773
36,15.69402
37,16.1303
38,16.56658
39,17.00287
40,17.43915
41,17.87543
42,18.31172
43,18.748
44,19.18428
45,19.62057
46,20.05685
47,20.49313
48,20.92942
49,21.3657
50,21.80199
51,22.23827
52,22.67455
53,23.11084
54,23.54712
55,23.9834
56,24.41969
57,24.85597
58,25.29225
59,25.72854
60,26.16482
61,26.6011
62,27.03739
63,27.47367
64,27.90995
65,28.34624
66,28.78252
67,29.2188
68,29.65508
69,30.09137
70,30.52765
71,30.96394
72,31.40022
73,31.83651
74,32.27279
75,32.70907
76,33.14536
77,33.58164
78,34.01792
79,34.4542
80,34.89049
81,35.32677
82,35.76305
83,36.19934
84,36.63562
85,37.07191
86,37.50819
87,37.94447
88,38.38075
89,38.81704
90,39.25332
91,39.68961
92,40.12589
93,40.56218
94,40.99846
95,41.43474
96,41.87103
97,42.3073
98,42.74359
99,43.17987
100,43.61616
101,44.05244
102,44.48872
103,44.92501
104,45.36129
105,45.79757
106,46.23386
107,46.67014
108,47.10643
109,47.5427
110,47.97899
111,48.41528
112,48.85155
113,49.28784
114,49.72413
115,50.16041
116,50.59669
117,51.03297
118,51.46925
119,51.90554
120,52.34182
121,52.77811
122,53.21439
123,53.65067
124,54.08696
125,54.52324
126,54.95953
127,55.39581
128,55.83209
129,56.26838
130,56.70465
131,57.14095
132,57.57722
133,58.0135
134,58.44979
135,58.88607
136,59.32235
137,59.75864
138,60.19493
139,60.63121
140,61.0675
141,61.50377
142,61.94006
143,62.37635
144,62.81262
145,63.24891
146,63.6852
147,64.12148
148,64.55775
149,64.99403
150,65.43033
151,65.86661
152,66.30289
153,66.73918
154,67.17546
155,67.61175
156,68.04803
157,68.48431
158,68.9206
159,69.35688
160,69.79316
161,70.22945
162,70.66573
163,71.10201
164,71.5383
165,71.97458
166,72.41087
167,72.84715
168,73.28342
169,73.71971
170,74.15599
171,74.59227
172,75.02856
173,75.46485
174,75.90112
175,76.33741
176,76.77369
177,77.20997
178,77.64626
179,78.08253
180,78.51883
181,78.95512
182,79.39139
183,79.82768
184,80.26396
185,80.70026
186,81.13654
187,81.57281
188,82.0091
189,82.44538
190,82.88166
191,83.31794
192,83.75423
193,84.19052
194,84.6268
195,85.06308
196,85.49935
197,85.93565
198,86.37193
199,86.80821
200,87.24449
201,87.68078
202,88.11707
203,88.55334
204,88.98962
205,89.42591
206,89.8622
207,90.29848
208,90.73476
209,91.17104
210,91.60734
211,92.04361
212,92.4799
213,92.91618
214,93.35246
215,93.78874
216,94.22504
217,94.66132
218,95.09759
219,95.53387
220,95.97017
221,96.40646
222,96.84274
223,97.27901
224,97.7153
225,98.15158
226,98.58787
227,99.02415
228,99.46043
229,99.8967
230,100.333
231,100.7693
232,101.2056
233,101.6418
234,102.0781
235,102.5144
236,102.9507
237,103.387
238,103.8233
239,104.2595
240,104.6958
241,105.1321
242,105.5684
243,106.0047
244,106.441
245,106.8772
246,107.3135
247,107.7498
248,108.1861
249,108.6224
250,109.0587
251,109.4949
252,109.9312
253,110.3675
254,110.8038
255,111.2401
256,111.6764
257,112.1127
258,112.5489
259,112.9852
260,113.4215
261,113.8578
262,114.2941
263,114.7303
264,115.1666
265,115.6029
266,116.0392
267,116.4755
268,116.9118
269,117.3481
270,117.7843
271,118.2206
272,118.6569
273,119.0932
274,119.5295
275,119.9657
276,120.4021
277,120.8383
278,121.2746
279,121.7109
280,122.1472
281,122.5835
282,123.0197
283,123.456
284,123.8923
285,124.3286
286,124.7649
287,125.2012
288,125.6374
289,126.0737
290,126.51
291,126.9463
292,127.3826
293,127.8188
294,128.2551
295,128.6914
296,129.1277
297,129.564
298,130.0003
299,130.4366
300,130.8728
301,131.3091
302,131.7454
303,132.1817
304,132.618
305,133.0542
306,133.4905
307,133.9268
308,134.3631
309,134.7994
310,135.2357
311,135.672
312,136.1082
313,136.5445
314,136.9808
315,137.4171
316,137.8534
317,138.2897
318,138.7259
319,139.1622
320,139.5985
321,140.0348
322,140.4711
323,140.9073
324,141.3436
325,141.7799
326,142.2162
327,142.6525
328,143.0888
329,143.5251
330,143.9614
331,144.3976
332,144.8339
333,145.2702
334,145.7065
335,146.1428
336,146.579
337,147.0153
338,147.4516
339,147.8879
340,148.3242
341,148.7605
342,149.1967
343,149.633
344,150.0693
345,150.5056
346,150.9419
347,151.3781
348,151.8145
349,152.2507
350,152.687
351,153.1233
352,153.5596
353,153.9959
354,154.4321
355,154.8684
356,155.3047
357,155.741
358,156.1773
359,156.6136
360,157.0499
361,157.4861
362,157.9224
363,158.3587
364,158.795
365,159.2313
366,159.6675
367,160.1038
368,160.5401
369,160.9764
370,161.4127
371,161.849
372,162.2852
373,162.7215
374,163.1578
375,163.5941
376,164.0304
377,164.4667
378,164.9029
379,165.3392
380,165.7755
381,166.2118
382,166.6481
383,167.0844
384,167.5206
385,167.9569
386,168.3932
387,168.8295
388,169.2658
389,169.7021
390,170.1384
391,170.5746
392,171.0109
393,171.4472
394,171.8835
395,172.3198
396,172.756
397,173.1923
398,173.6286
399,174.0649
400,174.5012
401,174.9375
402,175.3738
403,175.81
404,176.2463
405,176.6826
406,177.1189
407,177.5551
408,177.9914
409,178.4277
410,178.864
411,179.3003
412,179.7366
413,180.1729
414,180.6091
415,181.0454
416,181.4817
417,181.918
418,182.3543
419,182.7906
420,183.2269
421,183.6631
422,184.0994
423,184.5357
424,184.972
425,185.4083
426,185.8445
427,186.2808
428,186.7171
429,187.1534
430,187.5897
431,188.026
432,188.4622
433,188.8985
434,189.3348
435,189.7711
436,190.2074
437,190.6436
438,191.0799
439,191.5162
440,191.9525
441,192.3888
442,192.8251
443,193.2614
444,193.6977
445,194.1339
446,194.5702
447,195.0065
448,195.4428
449,195.8791
450,196.3153
451,196.7516
452,197.1879
453,197.6242
454,198.0605
455,198.4968
456,198.9331
457,199.3693
458,199.8056
459,200.2419
460,200.6782
461,201.1145
462,201.5507
463,201.987
464,202.4233
465,202.8596
466,203.2959
467,203.7322
468,204.1685
469,204.6047
470,205.041
471,205.4773
472,205.9136
473,206.3499
474,206.7861
475,207.2224
476,207.6587
477,208.095
478,208.5313
479,208.9676
480,209.4038
481,209.8401
482,210.2764
483,210.7127
484,211.149
485,211.5853
486,212.0216
487,212.4578
488,212.8941
489,213.3304
490,213.7667
491,214.203
492,214.6393
493,215.0755
494,215.5118
495,215.9481
496,216.3844
497,216.8207
498,217.257
499,217.6932
500,218.1295
501,218.5658
502,219.0021
503,219.4384
504,219.8746
505,220.3109
506,220.7472
507,221.1835
508,221.6198
509,222.0561
510,222.4924
511,222.9286
512,223.3649
513,223.8012
514,224.2375
515,224.6738
516,225.11
517,225.5463
518,225.9826
519,226.4189
520,226.8552
521,227.2915
522,227.7277
523,228.164
524,228.6003
525,229.0366
526,229.4729
527,229.9092
528,230.3454
529,230.7817
530,231.218
531,231.6543
532,232.0906
533,232.5269
534,232.9631
535,233.3994
536,233.8357
537,234.272
538,234.7083
539,235.1446
540,235.5809
541,236.0172
542,236.4534
543,236.8897
544,237.326
545,237.7623
546,238.1985
547,238.6348
548,239.0711
549,239.5074
550,239.9437
551,240.38
552,240.8163
553,241.2525
554,241.6888
555,242.1251
556,242.5614
557,242.9977
558,243.434
559,243.8702
560,244.3065
561,244.7428
562,245.1791
563,245.6154
564,246.0517
565,246.4879
566,246.9242
567,247.3605
568,247.7968
569,248.2331
570,248.6694
571,249.1056
572,249.5419
573,249.9782
574,250.4145
575,250.8508
576,251.287
577,251.7233
578,252.1596
579,252.5959
580,253.0322
581,253.4685
582,253.9048
583,254.341
584,254.7774
585,255.2136
586,255.6499
587,256.0862
588,256.5225
589,256.9587
590,257.395
591,257.8313
592,258.2676
593,258.7039
594,259.1401
595,259.5764
596,260.0127
597,260.449
598,260.8853
599,261.3216
600,261.7579
601,262.1942
602,262.6304
603,263.0667
604,263.503
605,263.9393
606,264.3755
607,264.8118
608,265.2481
609,265.6844
610,266.1207
611,266.5569
612,266.9933
613,267.4296
614,267.8658
615,268.3021
616,268.7384
617,269.1747
618,269.611
619,270.0472
620,270.4836
621,270.9198
622,271.3561
623,271.7924
624,272.2287
625,272.6649
626,273.1012
627,273.5375
628,273.9738
629,274.4101
630,274.8464
631,275.2826
632,275.7189
633,276.1552
634,276.5915
635,277.0278
636,277.4641
637,277.9004
638,278.3367
639,278.7729
640,279.2092
641,279.6454
642,280.0818
643,280.518
644,280.9543
645,281.3906
646,281.8269
647,282.2632
648,282.6995
649,283.1358
650,283.572
651,284.0083
652,284.4446
653,284.8809
654,285.3171
655,285.7535
656,286.1897
657,286.626
658,287.0623
659,287.4986
660,287.9348
661,288.3712
662,288.8074
663,289.2437
664,289.68
665,290.1163
666,290.5526
667,290.9889
668,291.4251
669,291.8614
670,292.2977
671,292.734
672,293.1702
673,293.6065
674,294.0428
675,294.4791
676,294.9154
677,295.3517
678,295.788
679,296.2242
680,296.6605
681,297.0968
682,297.5331
683,297.9694
684,298.4057
685,298.8419
686,299.2783
687,299.7145
688,300.1508
689,300.5871
690,301.0234
691,301.4597
692,301.8959
693,302.3322
694,302.7685
695,303.2048
696,303.6411
697,304.0774
698,304.5136
699,304.9499
700,305.3862
701,305.8225
702,306.2588
703,306.6951
704,307.1313
705,307.5676
706,308.0039
707,308.4402
708,308.8765
709,309.3128
710,309.749
711,310.1853
712,310.6216
713,311.0579
714,311.4941
715,311.9305
716,312.3667
717,312.803
718,313.2393
719,313.6756
720,314.1119
721,314.5482
722,314.9844
723,315.4207
724,315.857
725,316.2933
726,316.7296
727,317.1658
728,317.6022
729,318.0384
730,318.4747
731,318.9109
732,319.3473
733,319.7836
734,320.2198
735,320.6561
736,321.0924
737,321.5287
738,321.965
739,322.4012
740,322.8375
741,323.2738
742,323.7101
743,324.1464
744,324.5827
745,325.019
746,325.4552
747,325.8915
748,326.3278
749,326.7641
750,327.2004
751,327.6367
752,328.0729
753,328.5092
754,328.9455
755,329.3818
756,329.8181
757,330.2544
758,330.6907
759,331.1269
760,331.5632
761,331.9995
762,332.4358
763,332.872
764,333.3083
765,333.7446
766,334.1809
767,334.6172
768,335.0535
769,335.4897
770,335.926
771,336.3623
772,336.7986
773,337.2349
774,337.6712
775,338.1075
776,338.5437
777,338.98
778,339.4163
779,339.8526
780,340.2889
781,340.7252
782,341.1615
783,341.5977
784,342.034
785,342.4703
786,342.9066
787,343.3428
788,343.7791
789,344.2154
790,344.6517
791,345.088
792,345.5243
793,345.9605
794,346.3968
795,346.8331
796,347.2694
797,347.7057
798,348.142
799,348.5783
